strict attractor  : [1.2,1. ,0.3*10**(-3),1.,1.,0.3*10**(-3)]
bubbling          : [0.0001, 0.0001,0.3*10**(-3), 0.000001, 0.000001, 0.8*10**(-3)]
small_instability : [1,1, 0.3 * 10**(-3),1, 1, 0.3 * 10**(-3)]
